0 0.4630584262183291 0.29061976549413726 0.5234573513772416 0.3299832495812394
0 0.8279685990534255 0.9530988274706869 0.11828122843620377 0.09380234505862646
0 0.7059124377947898 0.9103852596314909 0.09563163150161146 0.11222780569514228
0 0.7134623034396538 0.8073701842546064 0.16609704418700935 0.11725293132328303
0 0.6039892515891249 0.7596314907872695 0.08808176585674737 0.09882747068676721
0 0.5920352976514235 0.6415410385259632 0.10192318620566482 0.1038525963149079
0 0.7090582151468163 0.6532663316582915 0.117022917495393 0.20100502512562826
0 0.6021017851779089 0.533500837520938 0.19000495206241233 0.13232830820770516
0 0.3057695586169945 0.7035175879396983 0.11073136279133955 0.1105527638190955
0 0.25480796551416207 0.44388609715242877 0.1069564299689075 0.19765494137353434
