0 0.5194723618090452 0.11306532663316583 0.39321608040201006 0.21608040201005024
0 0.7996231155778895 0.2654941373534338 0.24246231155778886 0.4304857621440536
0 0.7839195979899497 0.7906197654941374 0.09798994974874375 0.07370184254606357
0 0.4755025125628141 0.8752093802345058 0.04648241206030157 0.08207705192629816
0 0.4447236180904522 0.9229480737018424 0.05527638190954775 0.050251256281406996
0 0.3316582914572864 0.9212730318257957 0.06281407035175877 0.0636515912897822
0 0.2129396984924623 0.7696817420435511 0.08417085427135682 0.05862646566164159
0 0.2795226130653266 0.6348408710217756 0.05150753768844222 0.050251256281406996
0 0.06909547738693467 0.7747068676716918 0.06030150753768844 0.14572864321608037
0 0.24560301507537688 0.13316582914572864 0.199748743718593 0.1624790619765494
0 0.778894472361809 0.5845896147403685 0.24371859296482412 0.22780569514237853
0 0.6067839195979899 0.7721943048576213 0.1407035175879396 0.06700167504187604
