0 0.5953693495038589 0.48639290079253156 0.27783902976846747 0.3136085643713653
0 0.5633958103638369 0.6691647711108751 0.02646085997794934 0.035955122029838124
0 0.6482910694597573 0.6581784838239801 0.019845644983461953 0.03795262880927361
0 0.6791620727673648 0.7031223863612778 0.024255788313120235 0.05992520338306349
0 0.651047409040794 0.7580538227957525 0.027563395810363857 0.12184791354556239
0 0.5871003307607497 0.8349578338040172 0.07386990077177508 0.07191024405967611
0 0.5882028665931643 0.9158568583711528 0.03197353914002207 0.06591772372136986
0 0.6449834619625138 0.9158568583711529 0.03528114663726569 0.07390775083911166
0 0.802646085997795 0.7630475897443412 0.06394707828004415 0.09588032541290147
0 0.7144432194046305 0.7790276439798247 0.055126791620727575 0.09588032541290147
